/********************************************/
top-10 文档排序结果：
FBIS4-33926:4.335229415814912
FBIS3-48517:2.4602564498749344
FBIS3-49026:1.3212042091141747
FBIS3-58055:1.2902623099851964
FBIS3-32891:1.2726664147307813
FBIS4-23576:1.1224840022429001
FBIS3-41219:0.9706059602554938
FR940720-2-00032:0.5538754261267221
FBIS3-41866:0.3363090409779188
FBIS4-32772:0.1760386391201141


/********************************************/
top-10 文档排序结果：
FBIS3-51619:5.015663187189949
FBIS3-41866:2.433192863265754
FBIS4-16191:1.917272763599387
FBIS4-23576:1.7940189036137015
FBIS4-24387:1.5922597407277201
FR940720-2-00032:1.1300574882661156
FBIS4-33453:1.0133244329030524
FBIS3-48517:0.8770107805265205
FBIS3-60994:0.6865604087817636
FBIS4-33926:0.6488471058587825


/********************************************/
top-9 文档排序结果：
FBIS3-58055:1222835.5651887818
FBIS4-32772:579333.6346094704
FBIS3-32891:574205.0851427298
FBIS3-41866:313869.3016496259
FBIS3-48517:251437.38390512747
FBIS4-23576:241092.32994606835
FBIS3-49026:211263.98430548667
FR941031-2-00066:176109.33532770316
FBIS4-33926:173824.9238437211


/********************************************/
top-10 文档排序结果：
FR940720-2-00032:726301.2650445733
FR940616-2-00114:546987.8848897539
FBIS3-41866:527008.4386101235
FBIS3-58058:503742.6562346447
FBIS4-24387:248919.81472802898
FBIS3-51619:183332.0587959836
FBIS4-33453:159115.827468612
FBIS3-48517:151314.33316370327
FBIS4-16191:122329.896468577
FR940114-1-00035:110547.12568717723


